72 144
000100000000000000000000000000000000000000000000000000000000100000100000000011000000000000000000000000000000000000000000000000100000000000000000
000010000000000000000000000000000000000000000000000000000000010000010000100001000000000000000000000000000000000000000000000000010000000000000000
000001000000000000000000000000000000000000000000000000000000001000001000110000000000000000000000000000000000000000000000000000001000000000000000
100000000000000000000000000000000000000000000000000000000000000100000100011000000000000000000000000000000000000000000000000000000100000000000000
010000000000000000000000000000000000000000000000000000000000000010000010001100000000000000000000000000000000000000000000000000000010000000000000
001000000000000000000000000000000000000000000000000000000000000001000001000110000000000000000000000000000000000000000000000000000001000000000000
100000000100000000000000000000000000000000000000000000000000000000100000000000000011000000000000000000000000000000000000000000000000100000000000
010000000010000000000000000000000000000000000000000000000000000000010000000000100001000000000000000000000000000000000000000000000000010000000000
001000000001000000000000000000000000000000000000000000000000000000001000000000110000000000000000000000000000000000000000000000000000001000000000
000100100000000000000000000000000000000000000000000000000000000000000100000000011000000000000000000000000000000000000000000000000000000100000000
000010010000000000000000000000000000000000000000000000000000000000000010000000001100000000000000000000000000000000000000000000000000000010000000
000001001000000000000000000000000000000000000000000000000000000000000001000000000110000000000000000000000000000000000000000000000000000001000000
100000100000000100000000000000000000000000000000000000000000000000000000000000000000000011000000000000000000000000000000000000000000000000100000
010000010000000010000000000000000000000000000000000000000000000000000000000000000000100001000000000000000000000000000000000000000000000000010000
001000001000000001000000000000000000000000000000000000000000000000000000000000000000110000000000000000000000000000000000000000000000000000001000
000100000100100000000000000000000000000000000000000000000000000000000000000000000000011000000000000000000000000000000000000000000000000000000100
000010000010010000000000000000000000000000000000000000000000000000000000000000000000001100000000000000000000000000000000000000000000000000000010
000001000001001000000000000000000000000000000000000000000000000000000000000000000000000110000000000000000000000000000000000000000000000000000001
000000100000100000000100000000000000000000000000000000000000000000000000100000000000000000000011000000000000000000000000000000000000000000000000
000000010000010000000010000000000000000000000000000000000000000000000000010000000000000000100001000000000000000000000000000000000000000000000000
000000001000001000000001000000000000000000000000000000000000000000000000001000000000000000110000000000000000000000000000000000000000000000000000
000000000100000100100000000000000000000000000000000000000000000000000000000100000000000000011000000000000000000000000000000000000000000000000000
000000000010000010010000000000000000000000000000000000000000000000000000000010000000000000001100000000000000000000000000000000000000000000000000
000000000001000001001000000000000000000000000000000000000000000000000000000001000000000000000110000000000000000000000000000000000000000000000000
000000000000100000100000000100000000000000000000000000000000000000000000000000100000000000000000000011000000000000000000000000000000000000000000
000000000000010000010000000010000000000000000000000000000000000000000000000000010000000000000000100001000000000000000000000000000000000000000000
000000000000001000001000000001000000000000000000000000000000000000000000000000001000000000000000110000000000000000000000000000000000000000000000
000000000000000100000100100000000000000000000000000000000000000000000000000000000100000000000000011000000000000000000000000000000000000000000000
000000000000000010000010010000000000000000000000000000000000000000000000000000000010000000000000001100000000000000000000000000000000000000000000
000000000000000001000001001000000000000000000000000000000000000000000000000000000001000000000000000110000000000000000000000000000000000000000000
000000000000000000100000100000000100000000000000000000000000000000000000000000000000100000000000000000000011000000000000000000000000000000000000
000000000000000000010000010000000010000000000000000000000000000000000000000000000000010000000000000000100001000000000000000000000000000000000000
000000000000000000001000001000000001000000000000000000000000000000000000000000000000001000000000000000110000000000000000000000000000000000000000
000000000000000000000100000100100000000000000000000000000000000000000000000000000000000100000000000000011000000000000000000000000000000000000000
000000000000000000000010000010010000000000000000000000000000000000000000000000000000000010000000000000001100000000000000000000000000000000000000
000000000000000000000001000001001000000000000000000000000000000000000000000000000000000001000000000000000110000000000000000000000000000000000000
000000000000000000000000100000100000000100000000000000000000000000000000000000000000000000100000000000000000000011000000000000000000000000000000
000000000000000000000000010000010000000010000000000000000000000000000000000000000000000000010000000000000000100001000000000000000000000000000000
000000000000000000000000001000001000000001000000000000000000000000000000000000000000000000001000000000000000110000000000000000000000000000000000
000000000000000000000000000100000100100000000000000000000000000000000000000000000000000000000100000000000000011000000000000000000000000000000000
000000000000000000000000000010000010010000000000000000000000000000000000000000000000000000000010000000000000001100000000000000000000000000000000
000000000000000000000000000001000001001000000000000000000000000000000000000000000000000000000001000000000000000110000000000000000000000000000000
000000000000000000000000000000100000100000000100000000000000000000000000000000000000000000000000100000000000000000000011000000000000000000000000
000000000000000000000000000000010000010000000010000000000000000000000000000000000000000000000000010000000000000000100001000000000000000000000000
000000000000000000000000000000001000001000000001000000000000000000000000000000000000000000000000001000000000000000110000000000000000000000000000
000000000000000000000000000000000100000100100000000000000000000000000000000000000000000000000000000100000000000000011000000000000000000000000000
000000000000000000000000000000000010000010010000000000000000000000000000000000000000000000000000000010000000000000001100000000000000000000000000
000000000000000000000000000000000001000001001000000000000000000000000000000000000000000000000000000001000000000000000110000000000000000000000000
000000000000000000000000000000000000100000100000000100000000000000000000000000000000000000000000000000100000000000000000000011000000000000000000
000000000000000000000000000000000000010000010000000010000000000000000000000000000000000000000000000000010000000000000000100001000000000000000000
000000000000000000000000000000000000001000001000000001000000000000000000000000000000000000000000000000001000000000000000110000000000000000000000
000000000000000000000000000000000000000100000100100000000000000000000000000000000000000000000000000000000100000000000000011000000000000000000000
000000000000000000000000000000000000000010000010010000000000000000000000000000000000000000000000000000000010000000000000001100000000000000000000
000000000000000000000000000000000000000001000001001000000000000000000000000000000000000000000000000000000001000000000000000110000000000000000000
000000000000000000000000000000000000000000100000100000000100000000000000000000000000000000000000000000000000100000000000000000000011000000000000
000000000000000000000000000000000000000000010000010000000010000000000000000000000000000000000000000000000000010000000000000000100001000000000000
000000000000000000000000000000000000000000001000001000000001000000000000000000000000000000000000000000000000001000000000000000110000000000000000
000000000000000000000000000000000000000000000100000100100000000000000000000000000000000000000000000000000000000100000000000000011000000000000000
000000000000000000000000000000000000000000000010000010010000000000000000000000000000000000000000000000000000000010000000000000001100000000000000
000000000000000000000000000000000000000000000001000001001000000000000000000000000000000000000000000000000000000001000000000000000110000000000000
000000000000000000000000000000000000000000000000100000100000000100000000000000000000000000000000000000000000000000100000000000000000000011000000
000000000000000000000000000000000000000000000000010000010000000010000000000000000000000000000000000000000000000000010000000000000000100001000000
000000000000000000000000000000000000000000000000001000001000000001000000000000000000000000000000000000000000000000001000000000000000110000000000
000000000000000000000000000000000000000000000000000100000100100000000000000000000000000000000000000000000000000000000100000000000000011000000000
000000000000000000000000000000000000000000000000000010000010010000000000000000000000000000000000000000000000000000000010000000000000001100000000
000000000000000000000000000000000000000000000000000001000001001000000000000000000000000000000000000000000000000000000001000000000000000110000000
000000000000000000000000000000000000000000000000000000100000100000000100000000000000000000000000000000000000000000000000100000000000000000000011
000000000000000000000000000000000000000000000000000000010000010000000010000000000000000000000000000000000000000000000000010000000000000000100001
000000000000000000000000000000000000000000000000000000001000001000000001000000000000000000000000000000000000000000000000001000000000000000110000
000000000000000000000000000000000000000000000000000000000100000100100000000000000000000000000000000000000000000000000000000100000000000000011000
000000000000000000000000000000000000000000000000000000000010000010010000000000000000000000000000000000000000000000000000000010000000000000001100
000000000000000000000000000000000000000000000000000000000001000001001000000000000000000000000000000000000000000000000000000001000000000000000110
