12 144
110011000000000000101000000000000000110011000000000000101000000000000000000000000000000000000000000000000000000000000000000000000000000000000000
111001000000000000010100000000000000111001000000000000010100000000000000000000000000000000000000000000000000000000000000000000000000000000000000
001111000000000000100010000000000000001111000000000000100010000000000000000000000000000000000000000000000000000000000000000000000000000000000000
100111000000000000010001000000000000100111000000000000010001000000000000000000000000000000000000000000000000000000000000000000000000000000000000
000000110011000000000000101000000000000000110011000000000000101000000000000000000000000000000000000000000000000000000000000000000000000000000000
000000111001000000000000010100000000000000111001000000000000010100000000000000000000000000000000000000000000000000000000000000000000000000000000
000000111000000000111111010101000000000000111111000000000000000000000000111000111000000000000000000000000000000000000000000000000000000000000000
000000100100000000000000111111000000000000000000000000000000000000000000100100100100000000000000000000000000000000000000000000000000000000000000
000000101000011000010101010101010101111111111111111111000000000000000000101000110000100000000000000000000000000000000000000000000000000000000000
000000101100001100010101111111101010111111000000111111000000000000000000101100100000010000000000000000000000000000000000000000000000000000000000
000000111100101100111111000000101010000000000000111111000000000000000000111100010000001000000000000000000000000000000000000000000000000000000000
000000001100111100010101101010101010111111111111111111000000000000000000001100110000000100000000000000000000000000000000000000000000000000000000
