12 288
000000000100000000100000000100100000100000000000100100000100100000100000100100100000100000000000100100000000100000000000100000000000000000000000000000000000000000000000000000000000000000000000000000000000000000000000000000000000000000000000000000000000000000000000000000000000000000000000
000000000010000000010000000010010000010000000000010010000010010000010000010010010000010000000000010010000000010000000000010000000000000000000000000000000000000000000000000000000000000000000000000000000000000000000000000000000000000000000000000000000000000000000000000000000000000000000000
000000000001000000001000000001001000001000000000001001000001001000001000001001001000001000000000001001000000001000000000001000000000000000000000000000000000000000000000000000000000000000000000000000000000000000000000000000000000000000000000000000000000000000000000000000000000000000000000
100000000000000000000100000000100100000100000000100100100000000100000100000100100100000100000000000100100000000100000000000100000000000000000000000000000000000000000000000000000000000000000000000000000000000000000000000000000000000000000000000000000000000000000000000000000000000000000000
000000000100000000100100000100000000100100100000000100000100000100100100000100000000000100100000000100000000000100000000000000000000100000000000000000000000000000000000000000000000000000000000000000000000000000000000000000000000000000000000000000000000000000000000000000000000000000000000
000000000010000000010010000010000000010010010000000010000010000010010010000010000000000010010000000010000000000010000000000000000000010000000000000000000000000000000000000000000000000000000000000000000000000000000000000000000000000000000000000000000000000000000000000000000000000000000000
110110110110110110110110000000000000000000000000000000000000000000000000000000000000000000000000000000000000000000000000000000000000000000000000110110110110000000000000000000000000000000000000000000000000000000000000000000000000000000000000000000000000000000000000000000000000000000000000
101101101101101101101101000000000000000000000000000000000000000000000000000000000000000000000000000000000000000000000000000000000000000000000000101101101101000000000000000000000000000000000000000000000000000000000000000000000000000000000000000000000000000000000000000000000000000000000000
111001111001111100111100101000101000000000000000000000000000000000000000000000000000000000000000000000000000000000000000000000000000000000000000010100010100101000101000000000000000000000000000000000000000000000000000000000000000000000000000000000000000000000000000000000000000000000000000
001010001010101000101000010100010100000000000000000000000000000000000000000000000000000000000000000000000000000000000000000000000000000000000000111100111100010100010100000000000000000000000000000000000000000000000000000000000000000000000000000000000000000000000000000000000000000000000000
001010001010011110011110100010100010000000000000000000000000000000000000000000000000000000000000000000000000000000000000000000000000000000000000111100111100100010100010000000000000000000000000000000000000000000000000000000000000000000000000000000000000000000000000000000000000000000000000
110011110011111001111001010001010001000000000000000000000000000000000000000000000000000000000000000000000000000000000000000000000000000000000000101000101000010001010001000000000000000000000000000000000000000000000000000000000000000000000000000000000000000000000000000000000000000000000000
