12 288
001001000110000000000000000000000000101000001010000000000000000000000000110101111010000000000000000000000000100010000000000000000000000000000000000000000000000000000000000000000000000000000000000000000000000000000000000000000000000000000000000000000000000000000000000000000000000000000000
000100100011000000000000000000000000010100000101000000000000000000000000011010111101000000000000000000000000010001000000000000000000000000000000000000000000000000000000000000000000000000000000000000000000000000000000000000000000000000000000000000000000000000000000000000000000000000000000
100010010001000000000000000000000000101010000010000000000000000000000000101101011110000000000000000000000000001000100000000000000000000000000000000000000000000000000000000000000000000000000000000000000000000000000000000000000000000000000000000000000000000000000000000000000000000000000000
110001001000000000000000000000000000010101000001000000000000000000000000010110101111000000000000000000000000000100010000000000000000000000000000000000000000000000000000000000000000000000000000000000000000000000000000000000000000000000000000000000000000000000000000000000000000000000000000
000000000000001001000110000000000000000000000000101000001010000000000000000000000000110101111010000000000000000000000000100010000000000000000000000000000000000000000000000000000000000000000000000000000000000000000000000000000000000000000000000000000000000000000000000000000000000000000000
000000000000000100100011000000000000000000000000010100000101000000000000000000000000011010111101000000000000000000000000010001000000000000000000000000000000000000000000000000000000000000000000000000000000000000000000000000000000000000000000000000000000000000000000000000000000000000000000
110001111011100101001001000000000000101001101010101011101010000000000000110011111001111011111101000000000000111100000000010100000000000000000000110101100000110101100000000000000000000000000000000000000000000000000000000000000000000000000000000000000000000000000000000000000000000000000000
000000000000011110101011000000000000010101010101010110010101000000000000111111111111110011111001000000000000000000000000111100000000000000000000101111010000101111010000000000000000000000000000000000000000000000000000000000000000000000000000000000000000000000000000000000000000000000000000
010000101001110000001001001111001001000001000000000001000000111110111111000100000010000100000010000100000010010100000000010100000000010100000000100000100000111111000000101010000000000000000000000000000000000000000000000000000000000000000000000000000000000000000000000000000000000000000000
010000101001010100001011101110100010000001000000000011000000010111010101000100000010001100000110110111111011010100000000111100000000101000000000100101110000101010000000010101000000000000000000000000000000000000000000000000000000000000000000000000000000000000000000000000000000000000000000
100001010010000000111001001011101011101000101010000001000000111100111111110111111011000100000010001100000110101000000000010100000000111100000000010000010000101010000000100000100000000000000000000000000000000000000000000000000000000000000000000000000000000000000000000000000000000000000000
000000000000111010101001111111000000010101010101000001000000111111111111111111111111000100000010000000000000000000000000010100000000000000000000101010000000010101000000010000010000000000000000000000000000000000000000000000000000000000000000000000000000000000000000000000000000000000000000
