24 49
0110000000000000000000000000000000000000000000000
0001100000000000000000000000000000000000000000000
0000011000000000000000000000000000000000000000000
1100000110000000000000000000000000000000000000000
0011000001100000000000000000000000000000000000000
0000110000011000000000000000000000000000000000000
0000000011000001100000000000000000000000000000000
0000000000110000011000000000000000000000000000000
0000000000001100000110000000000000000000000000000
0000000000000011000001100000000000000000000000000
0000000000000000110000011000000000000000000000000
0000000000000000001100000110000000000000000000000
0000000000000000000000110000011000000000000000000
0000000000000000000000001100000110000000000000000
0000000000000000000000000011000001100000000000000
0000000000000000000000000000110000011000000000000
0000000000000000000000000000001100000110000000000
0000000000000000000000000000000011000001100000000
0000000000000000000000000000000000001100000110000
0000000000000000000000000000000000000011000001100
0000000000000000000000000000000000000000110000011
0000000000000000000000000000000000000000001100000
0000000000000000000000000000000000000000000011000
0000000000000000000000000000000000000000000000110
