24 49
1000000100000000000000000000000000000000000000000
0110000011000000000000000000000000000000000000000
0001100000110000000000000000000000000000000000000
0000011000001100000000000000000000000000000000000
0000000110000011000000000000000000000000000000000
0000000001100000110000000000000000000000000000000
0000000000011000001100000000000000000000000000000
0000000000000100000010000000000000000000000000000
0000000000000010000001000000000000000000000000000
0000000000000001100000110000000000000000000000000
0000000000000000011000001100000000000000000000000
0000000000000000000110000011000000000000000000000
0000000000000000000001100000110000000000000000000
0000000000000000000000011000001100000000000000000
0000000000000000000000000110000011000000000000000
0000000000000000000000000001000000100000000000000
0000000000000000000000000000100000010000000000000
0000000000000000000000000000011000001100000000000
0000000000000000000000000000000110000011000000000
0000000000000000000000000000000001100000110000000
0000000000000000000000000000000000011000001100000
0000000000000000000000000000000000000110000011000
0000000000000000000000000000000000000001100000110
0000000000000000000000000000000000000000010000001
