12 360
110011000000000000101000000000000000110011000000000000101000000000000000110011000000000000101000000000000000110011000000000000101000000000000000110011000000000000101000000000000000000000000000000000000000000000000000000000000000000000000000000000000000000000000000000000000000000000000000000000000000000000000000000000000000000000000000000000000000000000000000
111001000000000000010100000000000000111001000000000000010100000000000000111001000000000000010100000000000000111001000000000000010100000000000000111001000000000000010100000000000000000000000000000000000000000000000000000000000000000000000000000000000000000000000000000000000000000000000000000000000000000000000000000000000000000000000000000000000000000000000000
001111000000000000100010000000000000001111000000000000100010000000000000001111000000000000100010000000000000001111000000000000100010000000000000001111000000000000100010000000000000000000000000000000000000000000000000000000000000000000000000000000000000000000000000000000000000000000000000000000000000000000000000000000000000000000000000000000000000000000000000
100111000000000000010001000000000000100111000000000000010001000000000000100111000000000000010001000000000000100111000000000000010001000000000000100111000000000000010001000000000000000000000000000000000000000000000000000000000000000000000000000000000000000000000000000000000000000000000000000000000000000000000000000000000000000000000000000000000000000000000000
000000110011000000000000101000000000000000110011000000000000101000000000000000110011000000000000101000000000000000110011000000000000101000000000000000110011000000000000101000000000000000000000000000000000000000000000000000000000000000000000000000000000000000000000000000000000000000000000000000000000000000000000000000000000000000000000000000000000000000000000
000000111001000000000000010100000000000000111001000000000000010100000000000000111001000000000000010100000000000000111001000000000000010100000000000000111001000000000000010100000000000000000000000000000000000000000000000000000000000000000000000000000000000000000000000000000000000000000000000000000000000000000000000000000000000000000000000000000000000000000000
101101101101000000101101000000000000000000000000000000101010101010000000101101111000000000111000000000000000111111111111000000101101010010000000010010000000000000000000000000000000111000111000000000000000000000000000000000000000000000000000000000000000000000000000000000000000000000000000000000000000000000000000000000000000000000000000000000000000000000000000
011011011011000000011011000000000000000000000000000000111111111111000000011011100100000000100100000000000000000000000000000000011011011011000000011011000000000000000000000000000000100100100100000000000000000000000000000000000000000000000000000000000000000000000000000000000000000000000000000000000000000000000000000000000000000000000000000000000000000000000000
011110010100100111000101001010000000000000000000000000000000111111010101011110010100011000010000100000000000000000000000111111000101111001010001100001000011000000000000000000000000101000110000100000000000000000000000000000000000000000000000000000000000000000000000000000000000000000000000000000000000000000000000000000000000000000000000000000000000000000000000
100010100111110011001111000101000000000000000000000000101010010101101010100010110010001100110000010000000000111111111111111111001111101110101000100010100001000000000000000000000000101100100000010000000000000000000000000000000000000000000000000000000000000000000000000000000000000000000000000000000000000000000000000000000000000000000000000000000000000000000000
010001110011111001100111100010000000000000000000000000000000101010010101010001110011101100011000001000000000000000111111111111100111101000101011010001110000000000000000000000000000111100010000001000000000000000000000000000000000000000000000000000000000000000000000000000000000000000000000000000000000000000000000000000000000000000000000000000000000000000000000
000101010100111100011110010001000000000000000000000000111111111111101010000101101011111100110100000100000000000000000000111111011110111001001010111010011000000000000000000000000000001100110000000100000000000000000000000000000000000000000000000000000000000000000000000000000000000000000000000000000000000000000000000000000000000000000000000000000000000000000000
