45 90
011000000000000000000000000100000000000000000100000100000000000000100000000000000000000000
101000000000000000000000000010000000000000000010000010000000000000010000000000000000000000
110000000000000000000000000001000000000000000001000001000000000000001000000000000000000000
000011000000000000000000000000100000000000000000100000100000000000000100000000000000000000
000101000000000000000000000000010000000000000000010000010000000000000010000000000000000000
000110000000000000000000000000001000000000000000001000001000000000000001000000000000000000
000000011000000000000000000000000100000000000000000100000100000000000000100000000000000000
000000101000000000000000000000000010000000000000000010000010000000000000010000000000000000
000000110000000000000000000000000001000000000000000001000001000000000000001000000000000000
000000000011000000000000000000000000100000000000000000100000100000000000000100000000000000
000000000101000000000000000000000000010000000000000000010000010000000000000010000000000000
000000000110000000000000000000000000001000000000000000001000001000000000000001000000000000
000000000000011000000000000000000000000100000000000000000100000100000000000000100000000000
000000000000101000000000000000000000000010000000000000000010000010000000000000010000000000
000000000000110000000000000000000000000001000000000000000001000001000000000000001000000000
000000000000000011000000000000000000000000100000000000000000100000100000000000000100000000
000000000000000101000000000000000000000000010000000000000000010000010000000000000010000000
000000000000000110000000000000000000000000001000000000000000001000001000000000000001000000
100000000000000000011000000000000000000000000000000000000000000100000100000000000000100000
010000000000000000101000000000000000000000000000000000000000000010000010000000000000010000
001000000000000000110000000000000000000000000000000000000000000001000001000000000000001000
000100000000000000000011000000000000000000000000000000000000000000100000100000000000000100
000010000000000000000101000000000000000000000000000000000000000000010000010000000000000010
000001000000000000000110000000000000000000000000000000000000000000001000001000000000000001
000000100000000000000000011000000000000000000100000000000000000000000100000100000000000000
000000010000000000000000101000000000000000000010000000000000000000000010000010000000000000
000000001000000000000000110000000000000000000001000000000000000000000001000001000000000000
000000000100000000000000000011000000000000000000100000000000000000000000100000100000000000
000000000010000000000000000101000000000000000000010000000000000000000000010000010000000000
000000000001000000000000000110000000000000000000001000000000000000000000001000001000000000
000000000000100000000000000000011000000000000000000100000000000000000000000100000100000000
000000000000010000000000000000101000000000000000000010000000000000000000000010000010000000
000000000000001000000000000000110000000000000000000001000000000000000000000001000001000000
000000000000000100000000000000000011000000000000000000100000000000000000000000100000100000
000000000000000010000000000000000101000000000000000000010000000000000000000000010000010000
000000000000000001000000000000000110000000000000000000001000000000000000000000001000001000
000000000000000000100000000000000000011000000000000000000100000000000000000000000100000100
000000000000000000010000000000000000101000000000000000000010000000000000000000000010000010
000000000000000000001000000000000000110000000000000000000001000000000000000000000001000001
000000000000000000000100000000000000000011000100000000000000100000000000000000000000100000
000000000000000000000010000000000000000101000010000000000000010000000000000000000000010000
000000000000000000000001000000000000000110000001000000000000001000000000000000000000001000
000000000000000000000000100000000000000000011000100000000000000100000000000000000000000100
000000000000000000000000010000000000000000101000010000000000000010000000000000000000000010
000000000000000000000000001000000000000000110000001000000000000001000000000000000000000001
