12 72
000100100000100100100000100000000000000000000000000000000000000000000000
000010010000010010010000010000000000000000000000000000000000000000000000
000001001000001001001000001000000000000000000000000000000000000000000000
100000000100100100000100000100000000000000000000000000000000000000000000
000100100100000100000100000000100000000000000000000000000000000000000000
000010010010000010000010000000010000000000000000000000000000000000000000
110110110110000000000000000000000000110110000000000000000000000000000000
101101101101000000000000000000000000101101000000000000000000000000000000
111001111100101000000000000000000000010100101000000000000000000000000000
001010101000010100000000000000000000111100010100000000000000000000000000
001010011110100010000000000000000000111100100010000000000000000000000000
110011111001010001000000000000000000101000010001000000000000000000000000
