12 72
110011000000000000101000000000000000000000000000000000000000000000000000
111001000000000000010100000000000000000000000000000000000000000000000000
001111000000000000100010000000000000000000000000000000000000000000000000
100111000000000000010001000000000000000000000000000000000000000000000000
000000110011000000000000101000000000000000000000000000000000000000000000
000000111001000000000000010100000000000000000000000000000000000000000000
100010011001000000110000010000000000111000111000000000000000000000000000
000000000110000000000000110000000000100100100100000000000000000000000000
100001001001111001010000010000010000101000110000100000000000000000000000
100001001110001111010000110000100000101100100000010000000000000000000000
100010111100101111110000000000100000111100010000001000000000000000000000
100001001111111111010000100000100000001100110000000100000000000000000000
